{
 "cells": [
  {
   "cell_type": "code",
   "execution_count": 23,
   "metadata": {},
   "outputs": [],
   "source": [
    "import tensorflow as tf \n",
    "from tensorflow import keras as keras\n",
    "from tensorflow.python.keras import backend as K\n",
    "import os\n",
    "import numpy as np\n",
    "import datetime\n",
    "import importlib\n",
    "\n",
    "import SatCallbacks\n",
    "import Clone_Model\n",
    "import rsc"
   ]
  },
  {
   "cell_type": "code",
   "execution_count": 5,
   "metadata": {},
   "outputs": [],
   "source": [
    "#tf.compat.v1.disable_eager_execution()"
   ]
  },
  {
   "cell_type": "code",
   "execution_count": 4,
   "metadata": {},
   "outputs": [],
   "source": [
    "checkpoint_path = \"./cloning_eager_dis/checkpoints/cloning/default_checkpoint.ckpt\"\n",
    "checkpoint_dir = os.path.dirname(checkpoint_path)\n",
    "ckpt_callback = tf.keras.callbacks.ModelCheckpoint(filepath=checkpoint_path, save_weights_only=True, verbose=1)\n",
    "\n",
    "log_dir_clone = \"./cloning_eager_dis/logs/fit/\" + datetime.datetime.now().strftime(\"%Y%m%d-%H%M%S\")\n",
    "tensorboard_callback = tf.keras.callbacks.TensorBoard(log_dir=log_dir_clone, histogram_freq=1)"
   ]
  },
  {
   "cell_type": "code",
   "execution_count": 14,
   "metadata": {
    "collapsed": true
   },
   "outputs": [
    {
     "name": "stdout",
     "output_type": "stream",
     "text": [
      "Train on 3 steps, validate on 1 steps\n",
      "3/3 [==============================] - 0s 23ms/step - loss: 3.1866 - val_loss: 1.7910\n",
      "RESET Weights!\n",
      "RESET Weights!\n",
      "RESET Weights!\n",
      "RESET Weights!\n",
      "RESET Weights!\n"
     ]
    },
    {
     "ename": "ValueError",
     "evalue": "Error when checking input: expected model_input to have 2 dimensions, but got array with shape (1, 28, 28)",
     "output_type": "error",
     "traceback": [
      "\u001b[0;31m---------------------------------------------------------------------------\u001b[0m",
      "\u001b[0;31mValueError\u001b[0m                                Traceback (most recent call last)",
      "\u001b[0;32m<ipython-input-14-63fc8cab4945>\u001b[0m in \u001b[0;36m<module>\u001b[0;34m\u001b[0m\n\u001b[1;32m     33\u001b[0m \u001b[0;34m\u001b[0m\u001b[0m\n\u001b[1;32m     34\u001b[0m \u001b[0;34m\u001b[0m\u001b[0m\n\u001b[0;32m---> 35\u001b[0;31m \u001b[0mclone\u001b[0m \u001b[0;34m=\u001b[0m \u001b[0mClone_Model\u001b[0m\u001b[0;34m.\u001b[0m\u001b[0msatify_model\u001b[0m\u001b[0;34m(\u001b[0m\u001b[0mmodel\u001b[0m\u001b[0;34m)\u001b[0m\u001b[0;34m\u001b[0m\u001b[0;34m\u001b[0m\u001b[0m\n\u001b[0m\u001b[1;32m     36\u001b[0m \u001b[0;34m\u001b[0m\u001b[0m\n\u001b[1;32m     37\u001b[0m clone.compile(optimizer=keras.optimizers.Adam(),\n",
      "\u001b[0;32m~/Desktop/Thesis/New_Repo/Clone_Model.py\u001b[0m in \u001b[0;36msatify_model\u001b[0;34m(model, compile_dict)\u001b[0m\n\u001b[1;32m    121\u001b[0m     \u001b[0;31m#z_in = np.ones(shape=model.layers[0].input_shape[-2:])\u001b[0m\u001b[0;34m\u001b[0m\u001b[0;34m\u001b[0m\u001b[0;34m\u001b[0m\u001b[0m\n\u001b[1;32m    122\u001b[0m     \u001b[0mz_in\u001b[0m \u001b[0;34m=\u001b[0m \u001b[0mnp\u001b[0m\u001b[0;34m.\u001b[0m\u001b[0mones\u001b[0m\u001b[0;34m(\u001b[0m\u001b[0mshape\u001b[0m\u001b[0;34m=\u001b[0m\u001b[0;34m(\u001b[0m\u001b[0;36m1\u001b[0m\u001b[0;34m,\u001b[0m\u001b[0;36m28\u001b[0m\u001b[0;34m,\u001b[0m\u001b[0;36m28\u001b[0m\u001b[0;34m)\u001b[0m\u001b[0;34m)\u001b[0m\u001b[0;34m\u001b[0m\u001b[0;34m\u001b[0m\u001b[0m\n\u001b[0;32m--> 123\u001b[0;31m     \u001b[0;32massert\u001b[0m \u001b[0mnp\u001b[0m\u001b[0;34m.\u001b[0m\u001b[0mallclose\u001b[0m\u001b[0;34m(\u001b[0m\u001b[0mmodel\u001b[0m\u001b[0;34m.\u001b[0m\u001b[0mpredict\u001b[0m\u001b[0;34m(\u001b[0m\u001b[0mz_in\u001b[0m\u001b[0;34m)\u001b[0m\u001b[0;34m,\u001b[0m \u001b[0mclone\u001b[0m\u001b[0;34m.\u001b[0m\u001b[0mpredict\u001b[0m\u001b[0;34m(\u001b[0m\u001b[0mz_in\u001b[0m\u001b[0;34m)\u001b[0m\u001b[0;34m)\u001b[0m\u001b[0;34m,\u001b[0m \u001b[0;34m\"Wrong: predictions don't match original\"\u001b[0m\u001b[0;34m\u001b[0m\u001b[0;34m\u001b[0m\u001b[0m\n\u001b[0m\u001b[1;32m    124\u001b[0m \u001b[0;34m\u001b[0m\u001b[0m\n\u001b[1;32m    125\u001b[0m     \u001b[0;32mif\u001b[0m \u001b[0;32mnot\u001b[0m \u001b[0mbool\u001b[0m\u001b[0;34m(\u001b[0m\u001b[0mcompile_dict\u001b[0m\u001b[0;34m)\u001b[0m\u001b[0;34m:\u001b[0m\u001b[0;34m\u001b[0m\u001b[0;34m\u001b[0m\u001b[0m\n",
      "\u001b[0;32m~/anaconda3/envs/tf/lib/python3.7/site-packages/tensorflow/python/keras/engine/training_v1.py\u001b[0m in \u001b[0;36mpredict\u001b[0;34m(self, x, batch_size, verbose, steps, callbacks, max_queue_size, workers, use_multiprocessing)\u001b[0m\n\u001b[1;32m    964\u001b[0m         \u001b[0mmax_queue_size\u001b[0m\u001b[0;34m=\u001b[0m\u001b[0mmax_queue_size\u001b[0m\u001b[0;34m,\u001b[0m\u001b[0;34m\u001b[0m\u001b[0;34m\u001b[0m\u001b[0m\n\u001b[1;32m    965\u001b[0m         \u001b[0mworkers\u001b[0m\u001b[0;34m=\u001b[0m\u001b[0mworkers\u001b[0m\u001b[0;34m,\u001b[0m\u001b[0;34m\u001b[0m\u001b[0;34m\u001b[0m\u001b[0m\n\u001b[0;32m--> 966\u001b[0;31m         use_multiprocessing=use_multiprocessing)\n\u001b[0m\u001b[1;32m    967\u001b[0m \u001b[0;34m\u001b[0m\u001b[0m\n\u001b[1;32m    968\u001b[0m   \u001b[0;32mdef\u001b[0m \u001b[0mreset_metrics\u001b[0m\u001b[0;34m(\u001b[0m\u001b[0mself\u001b[0m\u001b[0;34m)\u001b[0m\u001b[0;34m:\u001b[0m\u001b[0;34m\u001b[0m\u001b[0;34m\u001b[0m\u001b[0m\n",
      "\u001b[0;32m~/anaconda3/envs/tf/lib/python3.7/site-packages/tensorflow/python/keras/engine/training_arrays.py\u001b[0m in \u001b[0;36mpredict\u001b[0;34m(self, model, x, batch_size, verbose, steps, callbacks, **kwargs)\u001b[0m\n\u001b[1;32m    705\u001b[0m     \u001b[0mbatch_size\u001b[0m \u001b[0;34m=\u001b[0m \u001b[0mmodel\u001b[0m\u001b[0;34m.\u001b[0m\u001b[0m_validate_or_infer_batch_size\u001b[0m\u001b[0;34m(\u001b[0m\u001b[0mbatch_size\u001b[0m\u001b[0;34m,\u001b[0m \u001b[0msteps\u001b[0m\u001b[0;34m,\u001b[0m \u001b[0mx\u001b[0m\u001b[0;34m)\u001b[0m\u001b[0;34m\u001b[0m\u001b[0;34m\u001b[0m\u001b[0m\n\u001b[1;32m    706\u001b[0m     x, _, _ = model._standardize_user_data(\n\u001b[0;32m--> 707\u001b[0;31m         x, check_steps=True, steps_name='steps', steps=steps)\n\u001b[0m\u001b[1;32m    708\u001b[0m     return predict_loop(\n\u001b[1;32m    709\u001b[0m         \u001b[0mmodel\u001b[0m\u001b[0;34m,\u001b[0m\u001b[0;34m\u001b[0m\u001b[0;34m\u001b[0m\u001b[0m\n",
      "\u001b[0;32m~/anaconda3/envs/tf/lib/python3.7/site-packages/tensorflow/python/keras/engine/training_v1.py\u001b[0m in \u001b[0;36m_standardize_user_data\u001b[0;34m(self, x, y, sample_weight, class_weight, batch_size, check_steps, steps_name, steps, validation_split, shuffle, extract_tensors_from_dataset)\u001b[0m\n\u001b[1;32m   2306\u001b[0m         \u001b[0mis_dataset\u001b[0m\u001b[0;34m=\u001b[0m\u001b[0mis_dataset\u001b[0m\u001b[0;34m,\u001b[0m\u001b[0;34m\u001b[0m\u001b[0;34m\u001b[0m\u001b[0m\n\u001b[1;32m   2307\u001b[0m         \u001b[0mclass_weight\u001b[0m\u001b[0;34m=\u001b[0m\u001b[0mclass_weight\u001b[0m\u001b[0;34m,\u001b[0m\u001b[0;34m\u001b[0m\u001b[0;34m\u001b[0m\u001b[0m\n\u001b[0;32m-> 2308\u001b[0;31m         batch_size=batch_size)\n\u001b[0m\u001b[1;32m   2309\u001b[0m \u001b[0;34m\u001b[0m\u001b[0m\n\u001b[1;32m   2310\u001b[0m   def _standardize_tensors(self, x, y, sample_weight, run_eagerly, dict_inputs,\n",
      "\u001b[0;32m~/anaconda3/envs/tf/lib/python3.7/site-packages/tensorflow/python/keras/engine/training_v1.py\u001b[0m in \u001b[0;36m_standardize_tensors\u001b[0;34m(self, x, y, sample_weight, run_eagerly, dict_inputs, is_dataset, class_weight, batch_size)\u001b[0m\n\u001b[1;32m   2333\u001b[0m           \u001b[0mfeed_input_shapes\u001b[0m\u001b[0;34m,\u001b[0m\u001b[0;34m\u001b[0m\u001b[0;34m\u001b[0m\u001b[0m\n\u001b[1;32m   2334\u001b[0m           \u001b[0mcheck_batch_axis\u001b[0m\u001b[0;34m=\u001b[0m\u001b[0;32mFalse\u001b[0m\u001b[0;34m,\u001b[0m  \u001b[0;31m# Don't enforce the batch size.\u001b[0m\u001b[0;34m\u001b[0m\u001b[0;34m\u001b[0m\u001b[0m\n\u001b[0;32m-> 2335\u001b[0;31m           exception_prefix='input')\n\u001b[0m\u001b[1;32m   2336\u001b[0m \u001b[0;34m\u001b[0m\u001b[0m\n\u001b[1;32m   2337\u001b[0m     \u001b[0;31m# Get typespecs for the input data and sanitize it if necessary.\u001b[0m\u001b[0;34m\u001b[0m\u001b[0;34m\u001b[0m\u001b[0;34m\u001b[0m\u001b[0m\n",
      "\u001b[0;32m~/anaconda3/envs/tf/lib/python3.7/site-packages/tensorflow/python/keras/engine/training_utils.py\u001b[0m in \u001b[0;36mstandardize_input_data\u001b[0;34m(data, names, shapes, check_batch_axis, exception_prefix)\u001b[0m\n\u001b[1;32m    571\u001b[0m                            \u001b[0;34m': expected '\u001b[0m \u001b[0;34m+\u001b[0m \u001b[0mnames\u001b[0m\u001b[0;34m[\u001b[0m\u001b[0mi\u001b[0m\u001b[0;34m]\u001b[0m \u001b[0;34m+\u001b[0m \u001b[0;34m' to have '\u001b[0m \u001b[0;34m+\u001b[0m\u001b[0;34m\u001b[0m\u001b[0;34m\u001b[0m\u001b[0m\n\u001b[1;32m    572\u001b[0m                            \u001b[0mstr\u001b[0m\u001b[0;34m(\u001b[0m\u001b[0mlen\u001b[0m\u001b[0;34m(\u001b[0m\u001b[0mshape\u001b[0m\u001b[0;34m)\u001b[0m\u001b[0;34m)\u001b[0m \u001b[0;34m+\u001b[0m \u001b[0;34m' dimensions, but got array '\u001b[0m\u001b[0;34m\u001b[0m\u001b[0;34m\u001b[0m\u001b[0m\n\u001b[0;32m--> 573\u001b[0;31m                            'with shape ' + str(data_shape))\n\u001b[0m\u001b[1;32m    574\u001b[0m         \u001b[0;32mif\u001b[0m \u001b[0;32mnot\u001b[0m \u001b[0mcheck_batch_axis\u001b[0m\u001b[0;34m:\u001b[0m\u001b[0;34m\u001b[0m\u001b[0;34m\u001b[0m\u001b[0m\n\u001b[1;32m    575\u001b[0m           \u001b[0mdata_shape\u001b[0m \u001b[0;34m=\u001b[0m \u001b[0mdata_shape\u001b[0m\u001b[0;34m[\u001b[0m\u001b[0;36m1\u001b[0m\u001b[0;34m:\u001b[0m\u001b[0;34m]\u001b[0m\u001b[0;34m\u001b[0m\u001b[0;34m\u001b[0m\u001b[0m\n",
      "\u001b[0;31mValueError\u001b[0m: Error when checking input: expected model_input to have 2 dimensions, but got array with shape (1, 28, 28)"
     ]
    }
   ],
   "source": [
    "#      CLONE MODEL EAGER DISABLED\n",
    "###########################################\n",
    "importlib.reload(rsc)\n",
    "importlib.reload(Clone_Model)\n",
    "\n",
    "#K.clear_session() \n",
    "\n",
    "#tf.compat.v1.disable_eager_execution()\n",
    "\n",
    "batch_size = None #doesnt work/conflict tensorboard_callback\n",
    "train, test = rsc.get_titanic_dataset()\n",
    "\n",
    "\n",
    "\n",
    "model = rsc.get_model(None)\n",
    "\n",
    "model.compile(\n",
    "    optimizer=keras.optimizers.Adam(),\n",
    "    loss=keras.losses.BinaryCrossentropy(),\n",
    "    run_eagerly = tf.executing_eagerly()\n",
    "    )\n",
    "\n",
    "\n",
    "tensorboard_callback.set_model(model)\n",
    "\n",
    "history = model.fit(train,\n",
    "                    batch_size=batch_size,\n",
    "                    epochs=1, \n",
    "                    steps_per_epoch=3, \n",
    "                    validation_data=test, \n",
    "                    validation_steps=1, \n",
    "                    callbacks=[])\n",
    "\n",
    "\n",
    "clone = Clone_Model.satify_model(model)\n",
    "\n",
    "clone.compile(optimizer=keras.optimizers.Adam(),\n",
    "              loss=keras.losses.BinaryCrossentropy(),\n",
    "              run_eagerly = tf.executing_eagerly())\n",
    "\n",
    "sat_cb = Clone_Model.sat_results()\n",
    "\n",
    "\n",
    "history = clone.fit(train,\n",
    "                    batch_size=batch_size,\n",
    "                    epochs=1,\n",
    "                    steps_per_epoch=3,\n",
    "                    validation_data=test, \n",
    "                    validation_steps=1, \n",
    "                    callbacks=[sat_cb])\n",
    "                "
   ]
  },
  {
   "cell_type": "code",
   "execution_count": 5,
   "metadata": {},
   "outputs": [
    {
     "name": "stdout",
     "output_type": "stream",
     "text": [
      "True\n",
      "Epoch 1/5\n",
      "3000/3000 [==============================] - 10s 3ms/step - loss: 2.1222 - accuracy: 0.8497 - val_loss: 0.3263 - val_accuracy: 0.9000\n",
      "Epoch 2/5\n",
      "3000/3000 [==============================] - 10s 3ms/step - loss: 0.3944 - accuracy: 0.9040 - val_loss: 0.4037 - val_accuracy: 0.8500\n",
      "Epoch 3/5\n",
      "3000/3000 [==============================] - 6s 2ms/step - loss: 0.3168 - accuracy: 0.9236 - val_loss: 0.1575 - val_accuracy: 0.9000\n",
      "Epoch 4/5\n",
      "3000/3000 [==============================] - 8s 3ms/step - loss: 0.2726 - accuracy: 0.9343 - val_loss: 0.1633 - val_accuracy: 0.9500\n",
      "Epoch 5/5\n",
      "3000/3000 [==============================] - 8s 3ms/step - loss: 0.2506 - accuracy: 0.9406 - val_loss: 0.1241 - val_accuracy: 0.9500\n"
     ]
    }
   ],
   "source": [
    "#      CLASSIFY MNIST EAGER DISABLED\n",
    "###########################################\n",
    "importlib.reload(rsc)\n",
    "importlib.reload(Clone_Model)\n",
    "\n",
    "K.clear_session() \n",
    "print(tf.executing_eagerly())\n",
    "\n",
    "#problem source\n",
    "#tf.compat.v1.disable_eager_execution()\n",
    "\n",
    "batch_size = 20 \n",
    "\n",
    "train, test = rsc.get_mnist()\n",
    "\n",
    "model = rsc.get_model_unitlist(hidden_layers_spec=[128])\n",
    "\n",
    "model.compile(\n",
    "    optimizer=keras.optimizers.Adam(),\n",
    "    loss=tf.keras.losses.SparseCategoricalCrossentropy(from_logits=True),\n",
    "    metrics=['accuracy'],\n",
    "    run_eagerly = False\n",
    "    )\n",
    "\n",
    "\n",
    "tensorboard_callback.set_model(model)\n",
    "\n",
    "history = model.fit(train[0],\n",
    "                    train[1],\n",
    "                    batch_size=batch_size,\n",
    "                    epochs=5, \n",
    "                    steps_per_epoch=None, \n",
    "                    validation_data=test, \n",
    "                    validation_steps=1, \n",
    "                    callbacks=[])\n"
   ]
  },
  {
   "cell_type": "code",
   "execution_count": 41,
   "metadata": {},
   "outputs": [
    {
     "name": "stdout",
     "output_type": "stream",
     "text": [
      "True\n",
      "<class 'tensorflow.python.keras.layers.core.Flatten'>\n",
      "input_shape: (None, 128)\n",
      "layer_width: (128,)\n",
      "input_tensor: Tensor(\"dense_26/Cast:0\", shape=(None, 128), dtype=float64)\n",
      "shape: (None, 128)\n",
      "batchsize: None\n",
      "o_s: (1,)\n",
      "input_shape: (None, 10)\n",
      "layer_width: (10,)\n",
      "input_tensor: Tensor(\"dense_1_25/Cast:0\", shape=(None, 10), dtype=float64)\n",
      "shape: (None, 10)\n",
      "batchsize: None\n",
      "o_s: (1,)\n",
      "input_tensor: Tensor(\"sequential/dense/Cast:0\", shape=(None, 128), dtype=float64)\n",
      "shape: (None, 128)\n",
      "batchsize: None\n",
      "o_s: (1,)\n",
      "input_tensor: Tensor(\"sequential/dense_1/Cast:0\", shape=(None, 10), dtype=float64)\n",
      "shape: (None, 10)\n",
      "batchsize: None\n",
      "o_s: (1,)\n",
      "input_tensor: Tensor(\"sequential/dense/Cast:0\", shape=(10, 128), dtype=float64)\n",
      "shape: (10, 128)\n",
      "batchsize: 10\n",
      "o_s: (1,)\n",
      "input_tensor: Tensor(\"sequential/dense_1/Cast:0\", shape=(10, 10), dtype=float64)\n",
      "shape: (10, 10)\n",
      "batchsize: 10\n",
      "o_s: (1,)\n",
      "input_tensor: Tensor(\"sequential/dense/Cast:0\", shape=(10, 128), dtype=float64)\n",
      "shape: (10, 128)\n",
      "batchsize: 10\n",
      "o_s: (1,)\n",
      "input_tensor: Tensor(\"sequential/dense_1/Cast:0\", shape=(10, 10), dtype=float64)\n",
      "shape: (10, 10)\n",
      "batchsize: 10\n",
      "o_s: (1,)\n",
      "1/5 [=====>........................] - ETA: 0s - loss: 5.0679 - accuracy: 0.9500input_tensor: Tensor(\"sequential/dense/Cast:0\", shape=(10, 128), dtype=float64)\n",
      "shape: (10, 128)\n",
      "batchsize: 10\n",
      "o_s: (1,)\n",
      "input_tensor: Tensor(\"sequential/dense_1/Cast:0\", shape=(10, 10), dtype=float64)\n",
      "shape: (10, 10)\n",
      "batchsize: 10\n",
      "o_s: (1,)\n",
      "Two Pass CovMat <Clone_Model.mydense object at 0x7fab902e2dd0>: [[[ 0.00000000e+00  0.00000000e+00  0.00000000e+00 ...  0.00000000e+00\n",
      "    0.00000000e+00  0.00000000e+00]\n",
      "  [ 0.00000000e+00  7.04285030e-02 -4.11362269e-01 ... -5.48999071e+00\n",
      "    0.00000000e+00  0.00000000e+00]\n",
      "  [ 0.00000000e+00 -4.11362269e-01  8.19027069e+02 ...  1.37086351e+01\n",
      "    0.00000000e+00  0.00000000e+00]\n",
      "  ...\n",
      "  [ 0.00000000e+00 -5.48999071e+00  1.37086351e+01 ...  1.98502936e+03\n",
      "    0.00000000e+00  0.00000000e+00]\n",
      "  [ 0.00000000e+00  0.00000000e+00  0.00000000e+00 ...  0.00000000e+00\n",
      "    0.00000000e+00  0.00000000e+00]\n",
      "  [ 0.00000000e+00  0.00000000e+00  0.00000000e+00 ...  0.00000000e+00\n",
      "    0.00000000e+00  0.00000000e+00]]\n",
      "\n",
      " [[ 0.00000000e+00  0.00000000e+00  0.00000000e+00 ...  0.00000000e+00\n",
      "    0.00000000e+00  0.00000000e+00]\n",
      "  [ 0.00000000e+00  6.21985807e+02  3.23907298e-03 ...  1.99703617e+02\n",
      "    0.00000000e+00  0.00000000e+00]\n",
      "  [ 0.00000000e+00  3.23907298e-03  8.19610245e-02 ...  2.09779392e-02\n",
      "    0.00000000e+00  0.00000000e+00]\n",
      "  ...\n",
      "  [ 0.00000000e+00  1.99703617e+02  2.09779392e-02 ...  6.51235661e+01\n",
      "    0.00000000e+00  0.00000000e+00]\n",
      "  [ 0.00000000e+00  0.00000000e+00  0.00000000e+00 ...  0.00000000e+00\n",
      "    0.00000000e+00  0.00000000e+00]\n",
      "  [ 0.00000000e+00  0.00000000e+00  0.00000000e+00 ...  0.00000000e+00\n",
      "    0.00000000e+00  0.00000000e+00]]\n",
      "\n",
      " [[ 0.00000000e+00  0.00000000e+00  0.00000000e+00 ...  0.00000000e+00\n",
      "    0.00000000e+00  0.00000000e+00]\n",
      "  [ 0.00000000e+00  5.14025947e+02 -4.11362269e-01 ...  1.96058070e+02\n",
      "    0.00000000e+00  0.00000000e+00]\n",
      "  [ 0.00000000e+00 -4.11362269e-01  5.03004255e+02 ... -1.43975478e-01\n",
      "    0.00000000e+00  0.00000000e+00]\n",
      "  ...\n",
      "  [ 0.00000000e+00  1.96058070e+02 -1.43975478e-01 ...  1.33462344e+03\n",
      "    0.00000000e+00  0.00000000e+00]\n",
      "  [ 0.00000000e+00  0.00000000e+00  0.00000000e+00 ...  0.00000000e+00\n",
      "    0.00000000e+00  0.00000000e+00]\n",
      "  [ 0.00000000e+00  0.00000000e+00  0.00000000e+00 ...  0.00000000e+00\n",
      "    0.00000000e+00  0.00000000e+00]]\n",
      "\n",
      " [[ 0.00000000e+00  0.00000000e+00  0.00000000e+00 ...  0.00000000e+00\n",
      "    0.00000000e+00  0.00000000e+00]\n",
      "  [ 0.00000000e+00  7.04285030e-02  3.23907298e-03 ... -2.59001321e-01\n",
      "    0.00000000e+00  0.00000000e+00]\n",
      "  [ 0.00000000e+00  3.23907298e-03  8.19610245e-02 ... -1.82011653e-02\n",
      "    0.00000000e+00  0.00000000e+00]\n",
      "  ...\n",
      "  [ 0.00000000e+00 -2.59001321e-01 -1.82011653e-02 ...  6.77018238e+01\n",
      "    0.00000000e+00  0.00000000e+00]\n",
      "  [ 0.00000000e+00  0.00000000e+00  0.00000000e+00 ...  0.00000000e+00\n",
      "    0.00000000e+00  0.00000000e+00]\n",
      "  [ 0.00000000e+00  0.00000000e+00  0.00000000e+00 ...  0.00000000e+00\n",
      "    0.00000000e+00  0.00000000e+00]]\n",
      "\n",
      " [[ 0.00000000e+00  0.00000000e+00  0.00000000e+00 ...  0.00000000e+00\n",
      "    0.00000000e+00  0.00000000e+00]\n",
      "  [ 0.00000000e+00  7.04285030e-02  3.23907298e-03 ... -9.30850875e-01\n",
      "    0.00000000e+00  0.00000000e+00]\n",
      "  [ 0.00000000e+00  3.23907298e-03  8.19610245e-02 ... -2.33114580e+00\n",
      "    0.00000000e+00  0.00000000e+00]\n",
      "  ...\n",
      "  [ 0.00000000e+00 -9.30850875e-01 -2.33114580e+00 ...  2.13713264e+02\n",
      "    0.00000000e+00  0.00000000e+00]\n",
      "  [ 0.00000000e+00  0.00000000e+00  0.00000000e+00 ...  0.00000000e+00\n",
      "    0.00000000e+00  0.00000000e+00]\n",
      "  [ 0.00000000e+00  0.00000000e+00  0.00000000e+00 ...  0.00000000e+00\n",
      "    0.00000000e+00  0.00000000e+00]]]\n",
      "Two Pass CovMat <Clone_Model.mydense object at 0x7fab00279910>: [[[ 4.94443665e+02  1.98914770e+02  2.17787680e+02  4.52146947e+02\n",
      "    8.23701654e+01  6.01813280e+02  1.87067333e+02  4.06182763e+02\n",
      "    2.55461137e+02  1.79062024e+02]\n",
      "  [ 1.98914770e+02  1.07300767e+03  1.12184548e+03  7.83896291e+02\n",
      "    6.87524003e+02  5.18690176e+02 -3.08898924e+02  1.16729021e+03\n",
      "    2.03631680e+02  1.69597197e+02]\n",
      "  [ 2.17787680e+02  1.12184548e+03  1.28772439e+03  7.89573932e+02\n",
      "    7.62076330e+02  4.80475467e+02 -4.00249269e+02  1.21439204e+03\n",
      "    1.38391026e+02  2.34780999e+01]\n",
      "  [ 4.52146947e+02  7.83896291e+02  7.89573932e+02  1.24612694e+03\n",
      "    4.51070107e+02  1.27731462e+03  1.44912855e+02  1.13529212e+03\n",
      "    6.28709411e+02  8.56372441e+02]\n",
      "  [ 8.23701654e+01  6.87524003e+02  7.62076330e+02  4.51070107e+02\n",
      "    5.39589041e+02  2.47130739e+02 -2.46080608e+02  7.29082749e+02\n",
      "    9.66276861e+01  9.96792247e+01]\n",
      "  [ 6.01813280e+02  5.18690176e+02  4.80475467e+02  1.27731462e+03\n",
      "    2.47130739e+02  1.49171036e+03  3.81168320e+02  9.72530726e+02\n",
      "    7.44893043e+02  1.05914536e+03]\n",
      "  [ 1.87067333e+02 -3.08898924e+02 -4.00249269e+02  1.44912855e+02\n",
      "   -2.46080608e+02  3.81168320e+02  9.88600273e+02 -3.68467427e+02\n",
      "    6.24117399e+02 -1.08438226e+02]\n",
      "  [ 4.06182763e+02  1.16729021e+03  1.21439204e+03  1.13529212e+03\n",
      "    7.29082749e+02  9.72530726e+02 -3.68467427e+02  1.52361509e+03\n",
      "    2.82728817e+02  6.99959088e+02]\n",
      "  [ 2.55461137e+02  2.03631680e+02  1.38391026e+02  6.28709411e+02\n",
      "    9.66276861e+01  7.44893043e+02  6.24117399e+02  2.82728817e+02\n",
      "    6.54947258e+02  3.07046331e+02]\n",
      "  [ 1.79062024e+02  1.69597197e+02  2.34780999e+01  8.56372441e+02\n",
      "    9.96792247e+01  1.05914536e+03 -1.08438226e+02  6.99959088e+02\n",
      "    3.07046331e+02  1.65954237e+03]]\n",
      "\n",
      " [[ 4.33458245e+02  2.11699570e+02  2.11185446e+02  9.92526787e+00\n",
      "    2.15053146e+02  1.12260382e+02  4.26716584e+02  1.44031283e+02\n",
      "    1.29939193e+02  1.43892864e+02]\n",
      "  [ 2.11699570e+02  2.36988979e+03  1.06653836e+03  3.18414468e+02\n",
      "    6.50455449e+02  1.63817323e+02  4.39027277e+02  3.76093318e+02\n",
      "    3.71280643e+02  3.09381409e+02]\n",
      "  [ 2.11185446e+02  1.06653836e+03  7.33364010e+02  4.10637778e+02\n",
      "    5.65129248e+02  2.67344948e+02  1.64035050e+02  4.60849977e+02\n",
      "    2.21652852e+02  3.61051573e+02]\n",
      "  [ 9.92526787e+00  3.18414468e+02  4.10637778e+02  7.95065241e+02\n",
      "    2.49378012e+02  6.51951505e+02 -1.86501570e+02  4.43118326e+02\n",
      "    2.61443951e+02  6.43408021e+02]\n",
      "  [ 2.15053146e+02  6.50455449e+02  5.65129248e+02  2.49378012e+02\n",
      "    5.67810810e+02  1.75561552e+02  2.25597000e+02  4.44003581e+02\n",
      "    1.51280296e+02  2.90252218e+02]\n",
      "  [ 1.12260382e+02  1.63817323e+02  2.67344948e+02  6.51951505e+02\n",
      "    1.75561552e+02  6.62839912e+02  6.26783887e+01  3.70437116e+02\n",
      "    3.00782894e+02  6.15428890e+02]\n",
      "  [ 4.26716584e+02  4.39027277e+02  1.64035050e+02 -1.86501570e+02\n",
      "    2.25597000e+02  6.26783887e+01  8.40055039e+02  7.13138233e+01\n",
      "    2.17043772e+02  4.96220376e+01]\n",
      "  [ 1.44031283e+02  3.76093318e+02  4.60849977e+02  4.43118326e+02\n",
      "    4.44003581e+02  3.70437116e+02  7.13138233e+01  4.74536263e+02\n",
      "    1.69213112e+02  4.34743430e+02]\n",
      "  [ 1.29939193e+02  3.71280643e+02  2.21652852e+02  2.61443951e+02\n",
      "    1.51280296e+02  3.00782894e+02  2.17043772e+02  1.69213112e+02\n",
      "    2.13054224e+02  2.87098575e+02]\n",
      "  [ 1.43892864e+02  3.09381409e+02  3.61051573e+02  6.43408021e+02\n",
      "    2.90252218e+02  6.15428890e+02  4.96220376e+01  4.34743430e+02\n",
      "    2.87098575e+02  6.62752325e+02]]\n",
      "\n",
      " [[ 2.53722026e+02 -8.50812583e+01  1.84055897e+01  6.40791082e+01\n",
      "    2.68031512e+01  1.91494497e+02  1.66476779e+02  9.21884235e+01\n",
      "    9.77984198e+01  1.58215828e+02]\n",
      "  [-8.50812583e+01  3.94031693e+02  3.43061610e+02  3.18593734e+02\n",
      "    2.98626046e+02  1.85110115e+02 -6.55496099e+01  3.76089907e+02\n",
      "    1.44692424e+02  3.50550954e+02]\n",
      "  [ 1.84055897e+01  3.43061610e+02  3.98562983e+02  3.37078928e+02\n",
      "    3.86702538e+02  2.18768526e+02  2.63834323e+00  4.26543177e+02\n",
      "    1.46574630e+02  3.98245843e+02]\n",
      "  [ 6.40791082e+01  3.18593734e+02  3.37078928e+02  5.19655815e+02\n",
      "    2.70572229e+02  4.43689162e+02 -7.35291548e+01  4.72121230e+02\n",
      "    2.58543690e+02  5.31710075e+02]\n",
      "  [ 2.68031512e+01  2.98626046e+02  3.86702538e+02  2.70572229e+02\n",
      "    5.73415780e+02  1.88944952e+02  2.06171127e+01  4.49194794e+02\n",
      "    5.55439267e+01  5.01513974e+02]\n",
      "  [ 1.91494497e+02  1.85110115e+02  2.18768526e+02  4.43689162e+02\n",
      "    1.88944952e+02  5.28362064e+02  6.95526980e+01  4.20779513e+02\n",
      "    2.91753945e+02  5.14838053e+02]\n",
      "  [ 1.66476779e+02 -6.55496099e+01  2.63834323e+00 -7.35291548e+01\n",
      "    2.06171127e+01  6.95526980e+01  2.49845465e+02  2.08355162e+01\n",
      "    6.09804114e+01 -1.75680703e+01]\n",
      "  [ 9.21884235e+01  3.76089907e+02  4.26543177e+02  4.72121230e+02\n",
      "    4.49194794e+02  4.20779513e+02  2.08355162e+01  5.98888087e+02\n",
      "    2.28803772e+02  6.53331237e+02]\n",
      "  [ 9.77984198e+01  1.44692424e+02  1.46574630e+02  2.58543690e+02\n",
      "    5.55439267e+01  2.91753945e+02  6.09804114e+01  2.28803772e+02\n",
      "    2.01765796e+02  2.31558570e+02]\n",
      "  [ 1.58215828e+02  3.50550954e+02  3.98245843e+02  5.31710075e+02\n",
      "    5.01513974e+02  5.14838053e+02 -1.75680703e+01  6.53331237e+02\n",
      "    2.31558570e+02  8.51579007e+02]]\n",
      "\n",
      " [[ 8.34243583e+02 -1.98410811e+01  4.84753058e+02  2.74761733e+02\n",
      "    5.14317444e+02  3.24432349e+02  5.17301428e+02  4.59521549e+02\n",
      "    1.06120203e+02  2.03366821e+02]\n",
      "  [-1.98410811e+01  9.72686252e+02  6.10608362e+02  5.33859079e+02\n",
      "    3.88659238e+02  3.67847107e+02  2.47669721e+02  5.21066435e+02\n",
      "    5.20130765e+02 -3.97889465e+02]\n",
      "  [ 4.84753058e+02  6.10608362e+02  7.82243861e+02  5.64447804e+02\n",
      "    6.79327715e+02  4.69463637e+02  5.74564988e+02  6.58293990e+02\n",
      "    4.36784129e+02 -8.07421298e+01]\n",
      "  [ 2.74761733e+02  5.33859079e+02  5.64447804e+02  7.34101345e+02\n",
      "    5.93413748e+02  5.93440623e+02  2.57976130e+02  7.17559292e+02\n",
      "    3.96040526e+02  2.49333388e+02]\n",
      "  [ 5.14317444e+02  3.88659238e+02  6.79327715e+02  5.93413748e+02\n",
      "    8.14368789e+02  5.53205732e+02  5.96113231e+02  7.23264118e+02\n",
      "    3.35290440e+02  3.74166116e+02]\n",
      "  [ 3.24432349e+02  3.67847107e+02  4.69463637e+02  5.93440623e+02\n",
      "    5.53205732e+02  5.24755477e+02  2.64350389e+02  6.39878442e+02\n",
      "    2.85158824e+02  3.59154816e+02]\n",
      "  [ 5.17301428e+02  2.47669721e+02  5.74564988e+02  2.57976130e+02\n",
      "    5.96113231e+02  2.64350389e+02  7.05905943e+02  3.69737487e+02\n",
      "    2.69636931e+02 -4.50441407e+01]\n",
      "  [ 4.59521549e+02  5.21066435e+02  6.58293990e+02  7.17559292e+02\n",
      "    7.23264118e+02  6.39878442e+02  3.69737487e+02  8.31443479e+02\n",
      "    3.64209694e+02  4.00140228e+02]\n",
      "  [ 1.06120203e+02  5.20130765e+02  4.36784129e+02  3.96040526e+02\n",
      "    3.35290440e+02  2.85158824e+02  2.69636931e+02  3.64209694e+02\n",
      "    3.91376548e+02 -1.37143397e+02]\n",
      "  [ 2.03366821e+02 -3.97889465e+02 -8.07421298e+01  2.49333388e+02\n",
      "    3.74166116e+02  3.59154816e+02 -4.50441407e+01  4.00140228e+02\n",
      "   -1.37143397e+02  1.24915283e+03]]\n",
      "\n",
      " [[ 1.28457083e+03 -2.94611191e+02  1.08022613e+03  7.23786634e+02\n",
      "    8.55065642e+02  7.84658169e+02  8.79358276e+02  8.74011046e+02\n",
      "    5.75525360e+02  4.11963557e+02]\n",
      "  [-2.94611191e+02  1.52384700e+03  4.44769263e+02  3.20160512e+02\n",
      "    1.26102709e+02  7.42374385e+01 -3.18595513e+02  4.33275188e+02\n",
      "    1.24895818e+02 -7.08612201e+02]\n",
      "  [ 1.08022613e+03  4.44769263e+02  1.35630917e+03  9.21338624e+02\n",
      "    9.30155635e+02  8.47720087e+02  7.74972520e+02  1.13707618e+03\n",
      "    7.82372119e+02  6.45177286e+01]\n",
      "  [ 7.23786634e+02  3.20160512e+02  9.21338624e+02  8.61318456e+02\n",
      "    7.29030642e+02  8.22080316e+02  5.54708325e+02  9.65603098e+02\n",
      "    6.43135531e+02  6.56025275e+02]\n",
      "  [ 8.55065642e+02  1.26102709e+02  9.30155635e+02  7.29030642e+02\n",
      "    8.56962500e+02  7.32356068e+02  6.38805382e+02  9.36508459e+02\n",
      "    4.99595644e+02  6.17181435e+02]\n",
      "  [ 7.84658169e+02  7.42374385e+01  8.47720087e+02  8.22080316e+02\n",
      "    7.32356068e+02  8.32056937e+02  5.82429907e+02  9.21078629e+02\n",
      "    5.96485944e+02  8.60897160e+02]\n",
      "  [ 8.79358276e+02 -3.18595513e+02  7.74972520e+02  5.54708325e+02\n",
      "    6.38805382e+02  5.82429907e+02  1.09494953e+03  5.46313674e+02\n",
      "    7.33688573e+02  6.06852207e+01]\n",
      "  [ 8.74011046e+02  4.33275188e+02  1.13707618e+03  9.65603098e+02\n",
      "    9.36508459e+02  9.21078629e+02  5.46313674e+02  1.19675655e+03\n",
      "    6.37564186e+02  7.67291120e+02]\n",
      "  [ 5.75525360e+02  1.24895818e+02  7.82372119e+02  6.43135531e+02\n",
      "    4.99595644e+02  5.96485944e+02  7.33688573e+02  6.37564186e+02\n",
      "    7.84630768e+02  5.77663636e+01]\n",
      "  [ 4.11963557e+02 -7.08612201e+02  6.45177286e+01  6.56025275e+02\n",
      "    6.17181435e+02  8.60897160e+02  6.06852207e+01  7.67291120e+02\n",
      "    5.77663636e+01  2.77088910e+03]]]\n",
      "5/5 [==============================] - 0s 51ms/step - loss: 4.8204 - accuracy: 0.9167 - val_loss: 4.3161 - val_accuracy: 1.0000\n"
     ]
    }
   ],
   "source": [
    "#      CLONE MNIST MODEL EAGER DISABLED\n",
    "###########################################\n",
    "importlib.reload(rsc)\n",
    "importlib.reload(Clone_Model)\n",
    "importlib.reload(SatCallbacks)\n",
    "importlib.reload(SatFunctions)\n",
    "#K.clear_session() \n",
    "\n",
    "#This mixed v1 v2 TF and can only cause problems.\n",
    "#-> pass eager=False to model.fit() instead!!\n",
    "#tf.compat.v1.disable_eager_execution()\n",
    "print(tf.executing_eagerly())\n",
    "\n",
    "clone = Clone_Model.satify_model(model, {'run_eagerly' : False})\n",
    "\n",
    "sat_cb = Clone_Model.sat_results()\n",
    "\n",
    "new_cb = SatCallbacks.sat_logger()\n",
    "\n",
    "history = clone.fit(train[0],\n",
    "                    train[1],\n",
    "                    batch_size=10,\n",
    "                    epochs=1,\n",
    "                    steps_per_epoch=5,\n",
    "                    validation_data=test, \n",
    "                    validation_steps=1, \n",
    "                    callbacks=[new_cb])\n",
    "                "
   ]
  },
  {
   "cell_type": "code",
   "execution_count": 19,
   "metadata": {},
   "outputs": [
    {
     "name": "stdout",
     "output_type": "stream",
     "text": [
      "dict_keys(['loss', 'accuracy', 'o_s_sl_metric', 'val_loss', 'val_accuracy', 'val_o_s_sl_metric'])\n",
      "{'validation_data': None, 'model': <tensorflow.python.keras.engine.sequential.Sequential object at 0x7fabba92cf90>, '_chief_worker_only': None, 'history': {'loss': [5.974883079528809], 'accuracy': [0.9833333492279053], 'o_s_sl_metric': [18.28329982904939], 'val_loss': [4.267309665679932], 'val_accuracy': [1.0], 'val_o_s_sl_metric': [48.28329982904939]}, 'params': {'verbose': 1, 'epochs': 1, 'steps': 5}, 'epoch': [0]}\n"
     ]
    }
   ],
   "source": [
    "print(history.history.keys())\n",
    "print(history.__dict__)"
   ]
  },
  {
   "cell_type": "code",
   "execution_count": null,
   "metadata": {},
   "outputs": [],
   "source": [
    "\"\"\" Warum macht tf probleme und zeigt auf auskommentierten code?\n",
    "        #Default to k=1 if first EVal explains delta of variance alone \n",
    "        #TODO change condition so graph mode works without tf.function\n",
    "        #if not \n",
    "        #    #cond = tf.constant([True], dtype=tf.bool)\n",
    "            #print(\"cond with default catch: {}\".format(cond))   \n",
    "        \"\"\"    \n",
    "        \n",
    "    \n",
    "    #k = max(len(tf.where(cond)), 1 ) #TODO use min(1,tf.where()) instead of checking above\n",
    "        \n",
    "        #print(\"tf.where(): {}\".format(tf.where(cond)))\n",
    "        #print(\"K: in ll_fun {}\".format(k))\n",
    "       "
   ]
  }
 ],
 "metadata": {
  "kernelspec": {
   "display_name": "Python [conda env:tf] *",
   "language": "python",
   "name": "conda-env-tf-py"
  },
  "language_info": {
   "codemirror_mode": {
    "name": "ipython",
    "version": 3
   },
   "file_extension": ".py",
   "mimetype": "text/x-python",
   "name": "python",
   "nbconvert_exporter": "python",
   "pygments_lexer": "ipython3",
   "version": "3.7.9"
  }
 },
 "nbformat": 4,
 "nbformat_minor": 4
}
